% time	cellId	IMSI	RNTI	layer	mcs	size	rv	ndi
533	1	1	1	0	0	349	0	1
540	1	1	1	0	0	349	1	0
615	1	1	1	0	0	349	0	1
616	1	1	1	0	0	349	0	1
622	1	1	1	0	0	349	1	0
623	1	1	1	0	0	349	1	0
698	1	1	1	0	0	349	0	1
699	1	1	1	0	0	349	0	1
700	1	1	1	0	0	349	0	1
701	1	1	1	0	0	349	0	1
705	1	1	1	0	0	349	1	0
706	1	1	1	0	0	349	1	0
707	1	1	1	0	0	349	1	0
708	1	1	1	0	0	349	1	0
783	1	1	1	0	0	349	0	1
784	1	1	1	0	0	349	0	1
785	1	1	1	0	0	349	0	1
786	1	1	1	0	0	349	0	1
787	1	1	1	0	0	349	0	1
788	1	1	1	0	0	349	0	1
790	1	1	1	0	0	349	1	0
791	1	1	1	0	0	349	1	0
792	1	1	1	0	0	349	1	0
793	1	1	1	0	0	349	1	0
794	1	1	1	0	0	349	1	0
795	1	1	1	0	0	349	1	0
868	1	1	1	0	0	349	0	1
869	1	1	1	0	0	349	0	1
870	1	1	1	0	0	349	0	1
871	1	1	1	0	0	349	0	1
872	1	1	1	0	0	349	0	1
873	1	1	1	0	0	349	0	1
875	1	1	1	0	0	349	1	0
876	1	1	1	0	0	349	1	0
877	1	1	1	0	0	349	1	0
878	1	1	1	0	0	349	1	0
879	1	1	1	0	0	349	1	0
880	1	1	1	0	0	349	1	0
951	1	1	1	0	0	349	0	1
952	1	1	1	0	0	349	0	1
953	1	1	1	0	0	349	0	1
954	1	1	1	0	0	349	0	1
955	1	1	1	0	0	349	0	1
956	1	1	1	0	0	349	0	1
957	1	1	1	0	0	349	0	1
958	1	1	1	0	0	349	1	0
959	1	1	1	0	0	349	1	0
960	1	1	1	0	0	349	1	0
961	1	1	1	0	0	349	1	0
962	1	1	1	0	0	349	1	0
963	1	1	1	0	0	349	1	0
964	1	1	1	0	0	349	1	0
965	1	1	1	0	0	349	0	1
966	1	1	1	0	0	349	0	1
967	1	1	1	0	0	349	0	1
968	1	1	1	0	0	349	0	1
972	1	1	1	0	0	349	1	0
973	1	1	1	0	0	349	1	0
974	1	1	1	0	0	349	1	0
975	1	1	1	0	0	349	1	0
1036	1	1	1	0	0	349	0	1
1037	1	1	1	0	0	349	0	1
1038	1	1	1	0	0	349	0	1
1039	1	1	1	0	0	349	0	1
1040	1	1	1	0	0	349	0	1
1041	1	1	1	0	0	349	0	1
1042	1	1	1	0	0	349	0	1
1043	1	1	1	0	0	349	1	0
1044	1	1	1	0	0	349	1	0
1045	1	1	1	0	0	349	1	0
1046	1	1	1	0	0	349	1	0
1047	1	1	1	0	0	349	1	0
1048	1	1	1	0	0	349	1	0
1049	1	1	1	0	0	349	1	0
1050	1	1	1	0	0	349	0	1
1051	1	1	1	0	0	349	0	1
1052	1	1	1	0	0	349	0	1
1053	1	1	1	0	0	349	0	1
1054	1	1	1	0	0	349	0	1
1055	1	1	1	0	0	349	0	1
1056	1	1	1	0	0	349	0	1
1057	1	1	1	0	0	349	1	0
1058	1	1	1	0	0	349	1	0
1059	1	1	1	0	0	349	1	0
1060	1	1	1	0	0	349	1	0
1061	1	1	1	0	0	349	1	0
1062	1	1	1	0	0	349	1	0
1063	1	1	1	0	0	349	1	0
1064	1	1	1	0	0	349	0	1
1065	1	1	1	0	0	349	0	1
1071	1	1	1	0	0	349	1	0
1072	1	1	1	0	0	349	1	0
1121	1	1	1	0	0	349	0	1
1122	1	1	1	0	0	349	0	1
1123	1	1	1	0	0	349	0	1
1124	1	1	1	0	0	349	0	1
1125	1	1	1	0	0	349	0	1
1126	1	1	1	0	0	349	0	1
1127	1	1	1	0	0	349	0	1
1128	1	1	1	0	0	349	1	0
1129	1	1	1	0	0	349	1	0
1130	1	1	1	0	0	349	1	0
1131	1	1	1	0	0	349	1	0
1132	1	1	1	0	0	349	1	0
1133	1	1	1	0	0	349	1	0
1134	1	1	1	0	0	349	1	0
1135	1	1	1	0	0	349	0	1
1136	1	1	1	0	0	349	0	1
1137	1	1	1	0	0	349	0	1
1138	1	1	1	0	0	349	0	1
1139	1	1	1	0	0	349	0	1
1140	1	1	1	0	0	349	0	1
1141	1	1	1	0	0	349	0	1
1142	1	1	1	0	0	349	1	0
1143	1	1	1	0	0	349	1	0
1144	1	1	1	0	0	349	1	0
1145	1	1	1	0	0	349	1	0
1146	1	1	1	0	0	349	1	0
1147	1	1	1	0	0	349	1	0
1148	1	1	1	0	0	349	1	0
1149	1	1	1	0	0	349	0	1
1150	1	1	1	0	0	349	0	1
1151	1	1	1	0	0	349	0	1
1152	1	1	1	0	0	349	0	1
1153	1	1	1	0	0	349	0	1
1154	1	1	1	0	0	349	0	1
1155	1	1	1	0	0	349	0	1
1156	1	1	1	0	0	349	1	0
1157	1	1	1	0	0	349	1	0
1158	1	1	1	0	0	349	1	0
1159	1	1	1	0	0	349	1	0
1160	1	1	1	0	0	349	1	0
1161	1	1	1	0	0	349	1	0
1162	1	1	1	0	0	349	1	0
1204	1	1	1	0	0	349	0	1
1205	1	1	1	0	0	349	0	1
1206	1	1	1	0	0	349	0	1
1207	1	1	1	0	0	349	0	1
1208	1	1	1	0	0	349	0	1
1209	1	1	1	0	0	349	0	1
1210	1	1	1	0	0	349	0	1
1211	1	1	1	0	0	349	1	0
1212	1	1	1	0	0	349	1	0
1213	1	1	1	0	0	349	1	0
1214	1	1	1	0	0	349	1	0
1215	1	1	1	0	0	349	1	0
1216	1	1	1	0	0	349	1	0
1217	1	1	1	0	0	349	1	0
1218	1	1	1	0	0	349	0	1
1219	1	1	1	0	0	349	0	1
1220	1	1	1	0	0	349	0	1
1221	1	1	1	0	0	349	0	1
1222	1	1	1	0	0	349	0	1
1223	1	1	1	0	0	349	0	1
1224	1	1	1	0	0	349	0	1
1225	1	1	1	0	0	349	1	0
1226	1	1	1	0	0	349	1	0
1227	1	1	1	0	0	349	1	0
1228	1	1	1	0	0	349	1	0
1229	1	1	1	0	0	349	1	0
1230	1	1	1	0	0	349	1	0
1231	1	1	1	0	0	349	1	0
1232	1	1	1	0	0	349	0	1
1233	1	1	1	0	0	349	0	1
1234	1	1	1	0	0	349	0	1
1235	1	1	1	0	0	349	0	1
1236	1	1	1	0	0	349	0	1
1237	1	1	1	0	0	349	0	1
1238	1	1	1	0	0	349	0	1
1239	1	1	1	0	0	349	1	0
1240	1	1	1	0	0	349	1	0
1241	1	1	1	0	0	349	1	0
1242	1	1	1	0	0	349	1	0
1243	1	1	1	0	0	349	1	0
1244	1	1	1	0	0	349	1	0
1245	1	1	1	0	0	349	1	0
1246	1	1	1	0	0	349	0	1
1247	1	1	1	0	0	349	0	1
1248	1	1	1	0	0	349	0	1
1249	1	1	1	0	0	349	0	1
1250	1	1	1	0	0	349	0	1
1251	1	1	1	0	0	349	0	1
1252	1	1	1	0	0	349	0	1
1253	1	1	1	0	0	349	1	0
1254	1	1	1	0	0	349	1	0
1255	1	1	1	0	0	349	1	0
1256	1	1	1	0	0	349	1	0
1257	1	1	1	0	0	349	1	0
1258	1	1	1	0	0	349	1	0
1259	1	1	1	0	0	349	1	0
1260	1	1	1	0	0	349	0	1
1261	1	1	1	0	0	349	0	1
1262	1	1	1	0	0	349	0	1
1267	1	1	1	0	0	349	1	0
1268	1	1	1	0	0	349	1	0
1269	1	1	1	0	0	349	1	0
1287	1	1	1	0	0	349	0	1
1288	1	1	1	0	0	349	0	1
1289	1	1	1	0	0	349	0	1
1290	1	1	1	0	0	349	0	1
1291	1	1	1	0	0	349	0	1
1292	1	1	1	0	0	349	0	1
1293	1	1	1	0	0	349	0	1
1294	1	1	1	0	0	349	1	0
1295	1	1	1	0	0	349	1	0
1296	1	1	1	0	0	349	1	0
1297	1	1	1	0	0	349	1	0
1298	1	1	1	0	0	349	1	0
1299	1	1	1	0	0	349	1	0
1300	1	1	1	0	0	349	1	0
1301	1	1	1	0	0	349	0	1
1302	1	1	1	0	0	349	0	1
1303	1	1	1	0	0	349	0	1
1304	1	1	1	0	0	349	0	1
1305	1	1	1	0	0	349	0	1
1306	1	1	1	0	0	349	0	1
1307	1	1	1	0	0	349	0	1
1308	1	1	1	0	0	349	1	0
1309	1	1	1	0	0	349	1	0
1310	1	1	1	0	0	349	1	0
1311	1	1	1	0	0	349	1	0
1312	1	1	1	0	0	349	1	0
1313	1	1	1	0	0	349	1	0
1314	1	1	1	0	0	349	1	0
1315	1	1	1	0	0	349	0	1
1316	1	1	1	0	0	349	0	1
1317	1	1	1	0	0	349	0	1
1318	1	1	1	0	0	349	0	1
1319	1	1	1	0	0	349	0	1
1320	1	1	1	0	0	349	0	1
1321	1	1	1	0	0	349	0	1
1322	1	1	1	0	0	349	1	0
1323	1	1	1	0	0	349	1	0
1324	1	1	1	0	0	349	1	0
1325	1	1	1	0	0	349	1	0
1326	1	1	1	0	0	349	1	0
1327	1	1	1	0	0	349	1	0
1328	1	1	1	0	0	349	1	0
1329	1	1	1	0	0	349	0	1
1330	1	1	1	0	0	349	0	1
1331	1	1	1	0	0	349	0	1
1332	1	1	1	0	0	349	0	1
1333	1	1	1	0	0	349	0	1
1334	1	1	1	0	0	349	0	1
1335	1	1	1	0	0	349	0	1
1336	1	1	1	0	0	349	1	0
1337	1	1	1	0	0	349	1	0
1338	1	1	1	0	0	349	1	0
1339	1	1	1	0	0	349	1	0
1340	1	1	1	0	0	349	1	0
1341	1	1	1	0	0	349	1	0
1342	1	1	1	0	0	349	1	0
1343	1	1	1	0	0	349	0	1
1344	1	1	1	0	0	349	0	1
1345	1	1	1	0	0	349	0	1
1346	1	1	1	0	0	349	0	1
1347	1	1	1	0	0	349	0	1
1348	1	1	1	0	0	349	0	1
1349	1	1	1	0	0	349	0	1
1350	1	1	1	0	0	349	1	0
1351	1	1	1	0	0	349	1	0
1352	1	1	1	0	0	349	1	0
1353	1	1	1	0	0	349	1	0
1354	1	1	1	0	0	349	1	0
1355	1	1	1	0	0	349	1	0
1356	1	1	1	0	0	349	1	0
1357	1	1	1	0	0	349	0	1
1358	1	1	1	0	0	349	0	1
1359	1	1	1	0	0	349	0	1
1360	1	1	1	0	0	349	0	1
1361	1	1	1	0	0	349	0	1
1362	1	1	1	0	0	349	0	1
1363	1	1	1	0	0	349	0	1
1364	1	1	1	0	0	349	1	0
1365	1	1	1	0	0	349	1	0
1366	1	1	1	0	0	349	1	0
1367	1	1	1	0	0	349	1	0
1368	1	1	1	0	0	349	1	0
1369	1	1	1	0	0	349	1	0
1370	1	1	1	0	0	349	1	0
1371	1	1	1	0	0	349	0	1
1372	1	1	1	0	0	349	0	1
1373	1	1	1	0	0	349	0	1
1374	1	1	1	0	0	349	0	1
1375	1	1	1	0	0	349	0	1
1376	1	1	1	0	0	349	0	1
1377	1	1	1	0	0	349	0	1
1378	1	1	1	0	0	349	1	0
1379	1	1	1	0	0	349	1	0
1380	1	1	1	0	0	349	1	0
1381	1	1	1	0	0	349	1	0
1382	1	1	1	0	0	349	1	0
1383	1	1	1	0	0	349	1	0
1384	1	1	1	0	0	349	1	0
1385	1	1	1	0	0	349	0	1
1386	1	1	1	0	0	349	0	1
1387	1	1	1	0	0	349	0	1
1388	1	1	1	0	0	349	0	1
1389	1	1	1	0	0	349	0	1
1390	1	1	1	0	0	349	0	1
1391	1	1	1	0	0	349	0	1
1392	1	1	1	0	0	349	1	0
1393	1	1	1	0	0	349	1	0
1394	1	1	1	0	0	349	1	0
1395	1	1	1	0	0	349	1	0
1396	1	1	1	0	0	349	1	0
1397	1	1	1	0	0	349	1	0
1398	1	1	1	0	0	349	1	0
1399	1	1	1	0	0	349	0	1
1400	1	1	1	0	0	349	0	1
1401	1	1	1	0	0	349	0	1
1402	1	1	1	0	0	349	0	1
1403	1	1	1	0	0	349	0	1
1404	1	1	1	0	0	349	0	1
1405	1	1	1	0	0	349	0	1
1406	1	1	1	0	0	349	1	0
1407	1	1	1	0	0	349	1	0
1408	1	1	1	0	0	349	1	0
1409	1	1	1	0	0	349	1	0
1410	1	1	1	0	0	349	1	0
1411	1	1	1	0	0	349	1	0
1412	1	1	1	0	0	349	1	0
1413	1	1	1	0	0	349	0	1
1414	1	1	1	0	0	349	0	1
1415	1	1	1	0	0	349	0	1
1416	1	1	1	0	0	349	0	1
1417	1	1	1	0	0	349	0	1
1418	1	1	1	0	0	349	0	1
1419	1	1	1	0	0	349	0	1
1420	1	1	1	0	0	349	1	0
1421	1	1	1	0	0	349	1	0
1422	1	1	1	0	0	349	1	0
1423	1	1	1	0	0	349	1	0
1424	1	1	1	0	0	349	1	0
1425	1	1	1	0	0	349	1	0
1426	1	1	1	0	0	349	1	0
1427	1	1	1	0	0	349	0	1
1428	1	1	1	0	0	349	0	1
1429	1	1	1	0	0	349	0	1
1430	1	1	1	0	0	349	0	1
1431	1	1	1	0	0	349	0	1
1432	1	1	1	0	0	349	0	1
1433	1	1	1	0	0	349	0	1
1434	1	1	1	0	0	349	1	0
1435	1	1	1	0	0	349	1	0
1436	1	1	1	0	0	349	1	0
1437	1	1	1	0	0	349	1	0
1438	1	1	1	0	0	349	1	0
1439	1	1	1	0	0	349	1	0
1440	1	1	1	0	0	349	1	0
1441	1	1	1	0	0	349	0	1
1442	1	1	1	0	0	349	0	1
1443	1	1	1	0	0	349	0	1
1444	1	1	1	0	0	349	0	1
1445	1	1	1	0	0	349	0	1
1446	1	1	1	0	0	349	0	1
1447	1	1	1	0	0	349	0	1
1448	1	1	1	0	0	349	1	0
1449	1	1	1	0	0	349	1	0
1450	1	1	1	0	0	349	1	0
1451	1	1	1	0	0	349	1	0
1452	1	1	1	0	0	349	1	0
1453	1	1	1	0	0	349	1	0
1454	1	1	1	0	0	349	1	0
1455	1	1	1	0	0	349	0	1
1456	1	1	1	0	0	349	0	1
1457	1	1	1	0	0	349	0	1
1458	1	1	1	0	0	349	0	1
1459	1	1	1	0	0	349	0	1
1460	1	1	1	0	0	349	0	1
1461	1	1	1	0	0	349	0	1
1462	1	1	1	0	0	349	1	0
1463	1	1	1	0	0	349	1	0
1464	1	1	1	0	0	349	1	0
1465	1	1	1	0	0	349	1	0
1466	1	1	1	0	0	349	1	0
1467	1	1	1	0	0	349	1	0
1468	1	1	1	0	0	349	1	0
1469	1	1	1	0	0	349	0	1
1470	1	1	1	0	0	349	0	1
1471	1	1	1	0	0	349	0	1
1472	1	1	1	0	0	349	0	1
1473	1	1	1	0	0	349	0	1
1474	1	1	1	0	0	349	0	1
1475	1	1	1	0	0	349	0	1
1476	1	1	1	0	0	349	1	0
1477	1	1	1	0	0	349	1	0
1478	1	1	1	0	0	349	1	0
1479	1	1	1	0	0	349	1	0
1480	1	1	1	0	0	349	1	0
1481	1	1	1	0	0	349	1	0
1482	1	1	1	0	0	349	1	0
1483	1	1	1	0	0	349	0	1
1484	1	1	1	0	0	349	0	1
1485	1	1	1	0	0	349	0	1
1486	1	1	1	0	0	349	0	1
1487	1	1	1	0	0	349	0	1
1488	1	1	1	0	0	349	0	1
1489	1	1	1	0	0	349	0	1
1490	1	1	1	0	0	349	1	0
1491	1	1	1	0	0	349	1	0
1492	1	1	1	0	0	349	1	0
1493	1	1	1	0	0	349	1	0
1494	1	1	1	0	0	349	1	0
1495	1	1	1	0	0	349	1	0
1496	1	1	1	0	0	349	1	0
1497	1	1	1	0	0	349	0	1
1498	1	1	1	0	0	349	0	1
1499	1	1	1	0	0	349	0	1
1500	1	1	1	0	0	349	0	1
1501	1	1	1	0	0	349	0	1
1502	1	1	1	0	0	349	0	1
1503	1	1	1	0	0	349	0	1
1504	1	1	1	0	0	349	1	0
1505	1	1	1	0	0	349	1	0
1506	1	1	1	0	0	349	1	0
1507	1	1	1	0	0	349	1	0
1508	1	1	1	0	0	349	1	0
1509	1	1	1	0	0	349	1	0
1510	1	1	1	0	0	349	1	0
1511	1	1	1	0	0	349	0	1
1512	1	1	1	0	0	349	0	1
1513	1	1	1	0	0	349	0	1
1514	1	1	1	0	0	349	0	1
1515	1	1	1	0	0	349	0	1
1516	1	1	1	0	0	349	0	1
1517	1	1	1	0	0	349	0	1
1518	1	1	1	0	0	349	1	0
1519	1	1	1	0	0	349	1	0
1520	1	1	1	0	0	349	1	0
1521	1	1	1	0	0	349	1	0
1522	1	1	1	0	0	349	1	0
1523	1	1	1	0	0	349	1	0
1524	1	1	1	0	0	349	1	0
1525	1	1	1	0	0	349	0	1
1526	1	1	1	0	0	349	0	1
1527	1	1	1	0	0	349	0	1
1528	1	1	1	0	0	349	0	1
1529	1	1	1	0	0	349	0	1
1530	1	1	1	0	0	349	0	1
1531	1	1	1	0	0	349	0	1
1532	1	1	1	0	0	349	1	0
1533	1	1	1	0	0	349	1	0
1534	1	1	1	0	0	349	1	0
1535	1	1	1	0	0	349	1	0
1536	1	1	1	0	0	349	1	0
1537	1	1	1	0	0	349	1	0
1538	1	1	1	0	0	349	1	0
1539	1	1	1	0	0	349	0	1
1540	1	1	1	0	0	349	0	1
1541	1	1	1	0	0	349	0	1
1542	1	1	1	0	0	349	0	1
1543	1	1	1	0	0	349	0	1
1544	1	1	1	0	0	349	0	1
1545	1	1	1	0	0	349	0	1
1546	1	1	1	0	0	349	1	0
1547	1	1	1	0	0	349	1	0
1548	1	1	1	0	0	349	1	0
1549	1	1	1	0	0	349	1	0
1550	1	1	1	0	0	349	1	0
1551	1	1	1	0	0	349	1	0
1552	1	1	1	0	0	349	1	0
1553	1	1	1	0	0	349	0	1
1554	1	1	1	0	0	349	0	1
1555	1	1	1	0	0	349	0	1
1556	1	1	1	0	0	349	0	1
1557	1	1	1	0	0	349	0	1
1558	1	1	1	0	0	349	0	1
1559	1	1	1	0	0	349	0	1
1560	1	1	1	0	0	349	1	0
1561	1	1	1	0	0	349	1	0
1562	1	1	1	0	0	349	1	0
1563	1	1	1	0	0	349	1	0
1564	1	1	1	0	0	349	1	0
1565	1	1	1	0	0	349	1	0
1566	1	1	1	0	0	349	1	0
1567	1	1	1	0	0	349	0	1
1568	1	1	1	0	0	349	0	1
1569	1	1	1	0	0	349	0	1
1570	1	1	1	0	0	349	0	1
1571	1	1	1	0	0	349	0	1
1572	1	1	1	0	0	349	0	1
1573	1	1	1	0	0	349	0	1
1574	1	1	1	0	0	349	1	0
1575	1	1	1	0	0	349	1	0
1576	1	1	1	0	0	349	1	0
1577	1	1	1	0	0	349	1	0
1578	1	1	1	0	0	349	1	0
1579	1	1	1	0	0	349	1	0
1580	1	1	1	0	0	349	1	0
1581	1	1	1	0	0	349	0	1
1582	1	1	1	0	0	349	0	1
1583	1	1	1	0	0	349	0	1
1584	1	1	1	0	0	349	0	1
1585	1	1	1	0	0	349	0	1
1586	1	1	1	0	0	349	0	1
1587	1	1	1	0	0	349	0	1
1588	1	1	1	0	0	349	1	0
1589	1	1	1	0	0	349	1	0
1590	1	1	1	0	0	349	1	0
1591	1	1	1	0	0	349	1	0
1592	1	1	1	0	0	349	1	0
1593	1	1	1	0	0	349	1	0
1594	1	1	1	0	0	349	1	0
1595	1	1	1	0	0	349	0	1
1596	1	1	1	0	0	349	0	1
1597	1	1	1	0	0	349	0	1
1598	1	1	1	0	0	349	0	1
1599	1	1	1	0	0	349	0	1
1600	1	1	1	0	0	349	0	1
1601	1	1	1	0	0	349	0	1
1602	1	1	1	0	0	349	1	0
1603	1	1	1	0	0	349	1	0
1604	1	1	1	0	0	349	1	0
1605	1	1	1	0	0	349	1	0
1606	1	1	1	0	0	349	1	0
1607	1	1	1	0	0	349	1	0
1608	1	1	1	0	0	349	1	0
1609	1	1	1	0	0	349	0	1
1610	1	1	1	0	0	349	0	1
1611	1	1	1	0	0	349	0	1
1612	1	1	1	0	0	349	0	1
1613	1	1	1	0	0	349	0	1
1614	1	1	1	0	0	349	0	1
1615	1	1	1	0	0	349	0	1
1616	1	1	1	0	0	349	1	0
1617	1	1	1	0	0	349	1	0
1618	1	1	1	0	0	349	1	0
1619	1	1	1	0	0	349	1	0
1620	1	1	1	0	0	349	1	0
1621	1	1	1	0	0	349	1	0
1622	1	1	1	0	0	349	1	0
1623	1	1	1	0	0	349	0	1
1624	1	1	1	0	0	349	0	1
1625	1	1	1	0	0	349	0	1
1626	1	1	1	0	0	349	0	1
1627	1	1	1	0	0	349	0	1
1628	1	1	1	0	0	349	0	1
1629	1	1	1	0	0	349	0	1
1630	1	1	1	0	0	349	1	0
1631	1	1	1	0	0	349	1	0
1632	1	1	1	0	0	349	1	0
1633	1	1	1	0	0	349	1	0
1634	1	1	1	0	0	349	1	0
1635	1	1	1	0	0	349	1	0
1636	1	1	1	0	0	349	1	0
1637	1	1	1	0	0	349	0	1
1638	1	1	1	0	0	349	0	1
1639	1	1	1	0	0	349	0	1
1640	1	1	1	0	0	349	0	1
1641	1	1	1	0	0	349	0	1
1642	1	1	1	0	0	349	0	1
1643	1	1	1	0	0	349	0	1
1644	1	1	1	0	0	349	1	0
1645	1	1	1	0	0	349	1	0
1646	1	1	1	0	0	349	1	0
1647	1	1	1	0	0	349	1	0
1648	1	1	1	0	0	349	1	0
1649	1	1	1	0	0	349	1	0
1650	1	1	1	0	0	349	1	0
1651	1	1	1	0	0	349	0	1
1652	1	1	1	0	0	349	0	1
1653	1	1	1	0	0	349	0	1
1654	1	1	1	0	0	349	0	1
1655	1	1	1	0	0	349	0	1
1656	1	1	1	0	0	349	0	1
1657	1	1	1	0	0	349	0	1
1658	1	1	1	0	0	349	1	0
1659	1	1	1	0	0	349	1	0
1660	1	1	1	0	0	349	1	0
1661	1	1	1	0	0	349	1	0
1662	1	1	1	0	0	349	1	0
1663	1	1	1	0	0	349	1	0
1664	1	1	1	0	0	349	1	0
1665	1	1	1	0	0	349	0	1
1666	1	1	1	0	0	349	0	1
1667	1	1	1	0	0	349	0	1
1668	1	1	1	0	0	349	0	1
1669	1	1	1	0	0	349	0	1
1670	1	1	1	0	0	349	0	1
1671	1	1	1	0	0	349	0	1
1672	1	1	1	0	0	349	1	0
1673	1	1	1	0	0	349	1	0
1674	1	1	1	0	0	349	1	0
1675	1	1	1	0	0	349	1	0
1676	1	1	1	0	0	349	1	0
1677	1	1	1	0	0	349	1	0
1678	1	1	1	0	0	349	1	0
1679	1	1	1	0	0	349	0	1
1680	1	1	1	0	0	349	0	1
1681	1	1	1	0	0	349	0	1
1682	1	1	1	0	0	349	0	1
1683	1	1	1	0	0	349	0	1
1684	1	1	1	0	0	349	0	1
1685	1	1	1	0	0	349	0	1
1686	1	1	1	0	0	349	1	0
1687	1	1	1	0	0	349	1	0
1688	1	1	1	0	0	349	1	0
1689	1	1	1	0	0	349	1	0
1690	1	1	1	0	0	349	1	0
1691	1	1	1	0	0	349	1	0
1692	1	1	1	0	0	349	1	0
1693	1	1	1	0	0	349	0	1
1694	1	1	1	0	0	349	0	1
1695	1	1	1	0	0	349	0	1
1696	1	1	1	0	0	349	0	1
1697	1	1	1	0	0	349	0	1
1698	1	1	1	0	0	349	0	1
1699	1	1	1	0	0	349	0	1
1700	1	1	1	0	0	349	1	0
1701	1	1	1	0	0	349	1	0
1702	1	1	1	0	0	349	1	0
1703	1	1	1	0	0	349	1	0
1704	1	1	1	0	0	349	1	0
1705	1	1	1	0	0	349	1	0
1706	1	1	1	0	0	349	1	0
1707	1	1	1	0	0	349	0	1
1708	1	1	1	0	0	349	0	1
1709	1	1	1	0	0	349	0	1
1710	1	1	1	0	0	349	0	1
1711	1	1	1	0	0	349	0	1
1712	1	1	1	0	0	349	0	1
1713	1	1	1	0	0	349	0	1
1714	1	1	1	0	0	349	1	0
1715	1	1	1	0	0	349	1	0
1716	1	1	1	0	0	349	1	0
1717	1	1	1	0	0	349	1	0
1718	1	1	1	0	0	349	1	0
1719	1	1	1	0	0	349	1	0
1720	1	1	1	0	0	349	1	0
1721	1	1	1	0	0	349	0	1
1722	1	1	1	0	0	349	0	1
1723	1	1	1	0	0	349	0	1
1724	1	1	1	0	0	349	0	1
1725	1	1	1	0	0	349	0	1
1726	1	1	1	0	0	349	0	1
1727	1	1	1	0	0	349	0	1
1728	1	1	1	0	0	349	1	0
1729	1	1	1	0	0	349	1	0
1730	1	1	1	0	0	349	1	0
1731	1	1	1	0	0	349	1	0
1732	1	1	1	0	0	349	1	0
1733	1	1	1	0	0	349	1	0
1734	1	1	1	0	0	349	1	0
1735	1	1	1	0	0	349	0	1
1736	1	1	1	0	0	349	0	1
1737	1	1	1	0	0	349	0	1
1738	1	1	1	0	0	349	0	1
1739	1	1	1	0	0	349	0	1
1740	1	1	1	0	0	349	0	1
1741	1	1	1	0	0	349	0	1
1742	1	1	1	0	0	349	1	0
1743	1	1	1	0	0	349	1	0
1744	1	1	1	0	0	349	1	0
1745	1	1	1	0	0	349	1	0
1746	1	1	1	0	0	349	1	0
1747	1	1	1	0	0	349	1	0
1748	1	1	1	0	0	349	1	0
1749	1	1	1	0	0	349	0	1
1750	1	1	1	0	0	349	0	1
1751	1	1	1	0	0	349	0	1
1752	1	1	1	0	0	349	0	1
1753	1	1	1	0	0	349	0	1
1754	1	1	1	0	0	349	0	1
1755	1	1	1	0	0	349	0	1
1756	1	1	1	0	0	349	1	0
1757	1	1	1	0	0	349	1	0
1758	1	1	1	0	0	349	1	0
1759	1	1	1	0	0	349	1	0
1760	1	1	1	0	0	349	1	0
1761	1	1	1	0	0	349	1	0
1762	1	1	1	0	0	349	1	0
1763	1	1	1	0	0	349	0	1
1764	1	1	1	0	0	349	0	1
1765	1	1	1	0	0	349	0	1
1766	1	1	1	0	0	349	0	1
1767	1	1	1	0	0	349	0	1
1768	1	1	1	0	0	349	0	1
1769	1	1	1	0	0	349	0	1
1770	1	1	1	0	0	349	1	0
1771	1	1	1	0	0	349	1	0
1772	1	1	1	0	0	349	1	0
1773	1	1	1	0	0	349	1	0
1774	1	1	1	0	0	349	1	0
1775	1	1	1	0	0	349	1	0
1776	1	1	1	0	0	349	1	0
1777	1	1	1	0	0	349	0	1
1778	1	1	1	0	0	349	0	1
1779	1	1	1	0	0	349	0	1
1780	1	1	1	0	0	349	0	1
1781	1	1	1	0	0	349	0	1
1782	1	1	1	0	0	349	0	1
1783	1	1	1	0	0	349	0	1
1784	1	1	1	0	0	349	1	0
1785	1	1	1	0	0	349	1	0
1786	1	1	1	0	0	349	1	0
1787	1	1	1	0	0	349	1	0
1788	1	1	1	0	0	349	1	0
1789	1	1	1	0	0	349	1	0
1790	1	1	1	0	0	349	1	0
1791	1	1	1	0	0	349	0	1
1792	1	1	1	0	0	349	0	1
1793	1	1	1	0	0	349	0	1
1794	1	1	1	0	0	349	0	1
1795	1	1	1	0	0	349	0	1
1796	1	1	1	0	0	349	0	1
1797	1	1	1	0	0	349	0	1
1798	1	1	1	0	0	349	1	0
1799	1	1	1	0	0	349	1	0
1800	1	1	1	0	0	349	1	0
1801	1	1	1	0	0	349	1	0
1802	1	1	1	0	0	349	1	0
1803	1	1	1	0	0	349	1	0
1804	1	1	1	0	0	349	1	0
1805	1	1	1	0	0	349	0	1
1806	1	1	1	0	0	349	0	1
1807	1	1	1	0	0	349	0	1
1808	1	1	1	0	0	349	0	1
1809	1	1	1	0	0	349	0	1
1810	1	1	1	0	0	349	0	1
1811	1	1	1	0	0	349	0	1
1812	1	1	1	0	0	349	1	0
1813	1	1	1	0	0	349	1	0
1814	1	1	1	0	0	349	1	0
1815	1	1	1	0	0	349	1	0
1816	1	1	1	0	0	349	1	0
1817	1	1	1	0	0	349	1	0
1818	1	1	1	0	0	349	1	0
1819	1	1	1	0	0	349	0	1
1820	1	1	1	0	0	349	0	1
1821	1	1	1	0	0	349	0	1
1822	1	1	1	0	0	349	0	1
1823	1	1	1	0	0	349	0	1
1824	1	1	1	0	0	349	0	1
1825	1	1	1	0	0	349	0	1
1826	1	1	1	0	0	349	1	0
1827	1	1	1	0	0	349	1	0
1828	1	1	1	0	0	349	1	0
1829	1	1	1	0	0	349	1	0
1830	1	1	1	0	0	349	1	0
1831	1	1	1	0	0	349	1	0
1832	1	1	1	0	0	349	1	0
1833	1	1	1	0	0	349	0	1
1834	1	1	1	0	0	349	0	1
1835	1	1	1	0	0	349	0	1
1836	1	1	1	0	0	349	0	1
1837	1	1	1	0	0	349	0	1
1838	1	1	1	0	0	349	0	1
1839	1	1	1	0	0	349	0	1
1840	1	1	1	0	0	349	1	0
1841	1	1	1	0	0	349	1	0
1842	1	1	1	0	0	349	1	0
1843	1	1	1	0	0	349	1	0
1844	1	1	1	0	0	349	1	0
1845	1	1	1	0	0	349	1	0
1846	1	1	1	0	0	349	1	0
1847	1	1	1	0	0	349	0	1
1848	1	1	1	0	0	349	0	1
1849	1	1	1	0	0	349	0	1
1850	1	1	1	0	0	349	0	1
1851	1	1	1	0	0	349	0	1
1852	1	1	1	0	0	349	0	1
1853	1	1	1	0	0	349	0	1
1854	1	1	1	0	0	349	1	0
1855	1	1	1	0	0	349	1	0
1856	1	1	1	0	0	349	1	0
1857	1	1	1	0	0	349	1	0
1858	1	1	1	0	0	349	1	0
1859	1	1	1	0	0	349	1	0
1860	1	1	1	0	0	349	1	0
1861	1	1	1	0	0	349	0	1
1862	1	1	1	0	0	349	0	1
1863	1	1	1	0	0	349	0	1
1864	1	1	1	0	0	349	0	1
1865	1	1	1	0	0	349	0	1
1866	1	1	1	0	0	349	0	1
1867	1	1	1	0	0	349	0	1
1868	1	1	1	0	0	349	1	0
1869	1	1	1	0	0	349	1	0
1870	1	1	1	0	0	349	1	0
1871	1	1	1	0	0	349	1	0
1872	1	1	1	0	0	349	1	0
1873	1	1	1	0	0	349	1	0
1874	1	1	1	0	0	349	1	0
1875	1	1	1	0	0	349	0	1
1876	1	1	1	0	0	349	0	1
1877	1	1	1	0	0	349	0	1
1878	1	1	1	0	0	349	0	1
1879	1	1	1	0	0	349	0	1
1880	1	1	1	0	0	349	0	1
1881	1	1	1	0	0	349	0	1
1882	1	1	1	0	0	349	1	0
1883	1	1	1	0	0	349	1	0
1884	1	1	1	0	0	349	1	0
1885	1	1	1	0	0	349	1	0
1886	1	1	1	0	0	349	1	0
1887	1	1	1	0	0	349	1	0
1888	1	1	1	0	0	349	1	0
1889	1	1	1	0	0	349	0	1
1890	1	1	1	0	0	349	0	1
1891	1	1	1	0	0	349	0	1
1892	1	1	1	0	0	349	0	1
1893	1	1	1	0	0	349	0	1
1894	1	1	1	0	0	349	0	1
1895	1	1	1	0	0	349	0	1
1896	1	1	1	0	0	349	1	0
1897	1	1	1	0	0	349	1	0
1898	1	1	1	0	0	349	1	0
1899	1	1	1	0	0	349	1	0
1900	1	1	1	0	0	349	1	0
1901	1	1	1	0	0	349	1	0
1902	1	1	1	0	0	349	1	0
1903	1	1	1	0	0	349	0	1
1904	1	1	1	0	0	349	0	1
1905	1	1	1	0	0	349	0	1
1906	1	1	1	0	0	349	0	1
1907	1	1	1	0	0	349	0	1
1908	1	1	1	0	0	349	0	1
1909	1	1	1	0	0	349	0	1
1910	1	1	1	0	0	349	1	0
1911	1	1	1	0	0	349	1	0
1912	1	1	1	0	0	349	1	0
1913	1	1	1	0	0	349	1	0
1914	1	1	1	0	0	349	1	0
1915	1	1	1	0	0	349	1	0
1916	1	1	1	0	0	349	1	0
1917	1	1	1	0	0	349	0	1
1918	1	1	1	0	0	349	0	1
1919	1	1	1	0	0	349	0	1
1920	1	1	1	0	0	349	0	1
1921	1	1	1	0	0	349	0	1
1922	1	1	1	0	0	349	0	1
1923	1	1	1	0	0	349	0	1
1924	1	1	1	0	0	349	1	0
1925	1	1	1	0	0	349	1	0
1926	1	1	1	0	0	349	1	0
1927	1	1	1	0	0	349	1	0
1928	1	1	1	0	0	349	1	0
1929	1	1	1	0	0	349	1	0
1930	1	1	1	0	0	349	1	0
1931	1	1	1	0	0	349	0	1
1932	1	1	1	0	0	349	0	1
1933	1	1	1	0	0	349	0	1
1934	1	1	1	0	0	349	0	1
1935	1	1	1	0	0	349	0	1
1936	1	1	1	0	0	349	0	1
1937	1	1	1	0	0	349	0	1
1938	1	1	1	0	0	349	1	0
1939	1	1	1	0	0	349	1	0
1940	1	1	1	0	0	349	1	0
1941	1	1	1	0	0	349	1	0
1942	1	1	1	0	0	349	1	0
1943	1	1	1	0	0	349	1	0
1944	1	1	1	0	0	349	1	0
1945	1	1	1	0	0	349	0	1
1946	1	1	1	0	0	349	0	1
1947	1	1	1	0	0	349	0	1
1948	1	1	1	0	0	349	0	1
1949	1	1	1	0	0	349	0	1
1950	1	1	1	0	0	349	0	1
1951	1	1	1	0	0	349	0	1
1952	1	1	1	0	0	349	1	0
1953	1	1	1	0	0	349	1	0
1954	1	1	1	0	0	349	1	0
1955	1	1	1	0	0	349	1	0
1956	1	1	1	0	0	349	1	0
1957	1	1	1	0	0	349	1	0
1958	1	1	1	0	0	349	1	0
1959	1	1	1	0	0	349	0	1
1960	1	1	1	0	0	349	0	1
1961	1	1	1	0	0	349	0	1
1962	1	1	1	0	0	349	0	1
1963	1	1	1	0	0	349	0	1
1964	1	1	1	0	0	349	0	1
1965	1	1	1	0	0	349	0	1
1966	1	1	1	0	0	349	1	0
1967	1	1	1	0	0	349	1	0
1968	1	1	1	0	0	349	1	0
1969	1	1	1	0	0	349	1	0
1970	1	1	1	0	0	349	1	0
1971	1	1	1	0	0	349	1	0
1972	1	1	1	0	0	349	1	0
1973	1	1	1	0	0	349	0	1
1974	1	1	1	0	0	349	0	1
1975	1	1	1	0	0	349	0	1
1976	1	1	1	0	0	349	0	1
1977	1	1	1	0	0	349	0	1
1978	1	1	1	0	0	349	0	1
1979	1	1	1	0	0	349	0	1
1980	1	1	1	0	0	349	1	0
1981	1	1	1	0	0	349	1	0
1982	1	1	1	0	0	349	1	0
1983	1	1	1	0	0	349	1	0
1984	1	1	1	0	0	349	1	0
1985	1	1	1	0	0	349	1	0
1986	1	1	1	0	0	349	1	0
1987	1	1	1	0	0	349	0	1
1988	1	1	1	0	0	349	0	1
1989	1	1	1	0	0	349	0	1
1990	1	1	1	0	0	349	0	1
1991	1	1	1	0	0	349	0	1
1992	1	1	1	0	0	349	0	1
1993	1	1	1	0	0	349	0	1
1994	1	1	1	0	0	349	1	0
1995	1	1	1	0	0	349	1	0
1996	1	1	1	0	0	349	1	0
1997	1	1	1	0	0	349	1	0
1998	1	1	1	0	0	349	1	0
1999	1	1	1	0	0	349	1	0
2000	1	1	1	0	0	349	1	0
2001	1	1	1	0	0	349	0	1
2002	1	1	1	0	0	349	0	1
2003	1	1	1	0	0	349	0	1
2004	1	1	1	0	0	349	0	1
2005	1	1	1	0	0	349	0	1
2006	1	1	1	0	0	349	0	1
2007	1	1	1	0	0	349	0	1
2008	1	1	1	0	0	349	1	0
2009	1	1	1	0	0	349	1	0
2010	1	1	1	0	0	349	1	0
2011	1	1	1	0	0	349	1	0
2012	1	1	1	0	0	349	1	0
2013	1	1	1	0	0	349	1	0
2014	1	1	1	0	0	349	1	0
2015	1	1	1	0	0	349	0	1
2016	1	1	1	0	0	349	0	1
2017	1	1	1	0	0	349	0	1
2018	1	1	1	0	0	349	0	1
2019	1	1	1	0	0	349	0	1
2020	1	1	1	0	0	349	0	1
2021	1	1	1	0	0	349	0	1
2022	1	1	1	0	0	349	1	0
2023	1	1	1	0	0	349	1	0
2024	1	1	1	0	0	349	1	0
2025	1	1	1	0	0	349	1	0
2026	1	1	1	0	0	349	1	0
2027	1	1	1	0	0	349	1	0
2028	1	1	1	0	0	349	1	0
2029	1	1	1	0	0	349	0	1
2030	1	1	1	0	0	349	0	1
2031	1	1	1	0	0	349	0	1
2032	1	1	1	0	0	349	0	1
2033	1	1	1	0	0	349	0	1
2034	1	1	1	0	0	349	0	1
2035	1	1	1	0	0	349	0	1
2036	1	1	1	0	0	349	1	0
2037	1	1	1	0	0	349	1	0
2038	1	1	1	0	0	349	1	0
2039	1	1	1	0	0	349	1	0
2040	1	1	1	0	0	349	1	0
2041	1	1	1	0	0	349	1	0
2042	1	1	1	0	0	349	1	0
2043	1	1	1	0	0	349	0	1
2044	1	1	1	0	0	349	0	1
2045	1	1	1	0	0	349	0	1
2046	1	1	1	0	0	349	0	1
2047	1	1	1	0	0	349	0	1
2048	1	1	1	0	0	349	0	1
2049	1	1	1	0	0	349	0	1
2050	1	1	1	0	0	349	1	0
2051	1	1	1	0	0	349	1	0
2052	1	1	1	0	0	349	1	0
2053	1	1	1	0	0	349	1	0
2054	1	1	1	0	0	349	1	0
2055	1	1	1	0	0	349	1	0
2056	1	1	1	0	0	349	1	0
2057	1	1	1	0	0	349	0	1
2058	1	1	1	0	0	349	0	1
2064	1	1	1	0	0	349	1	0
2065	1	1	1	0	0	349	1	0
2083	1	1	1	0	0	349	0	1
2084	1	1	1	0	0	349	0	1
2085	1	1	1	0	0	349	0	1
2086	1	1	1	0	0	349	0	1
2087	1	1	1	0	0	349	0	1
2088	1	1	1	0	0	349	0	1
2089	1	1	1	0	0	349	0	1
2090	1	1	1	0	0	349	1	0
2091	1	1	1	0	0	349	1	0
2092	1	1	1	0	0	349	1	0
2093	1	1	1	0	0	349	1	0
2094	1	1	1	0	0	349	1	0
2095	1	1	1	0	0	349	1	0
2096	1	1	1	0	0	349	1	0
2097	1	1	1	0	0	349	0	1
2098	1	1	1	0	0	349	0	1
2099	1	1	1	0	0	349	0	1
2100	1	1	1	0	0	349	0	1
2101	1	1	1	0	0	349	0	1
2102	1	1	1	0	0	349	0	1
2103	1	1	1	0	0	349	0	1
2104	1	1	1	0	0	349	1	0
2105	1	1	1	0	0	349	1	0
2106	1	1	1	0	0	349	1	0
2107	1	1	1	0	0	349	1	0
2108	1	1	1	0	0	349	1	0
2109	1	1	1	0	0	349	1	0
2110	1	1	1	0	0	349	1	0
2111	1	1	1	0	0	349	0	1
2112	1	1	1	0	0	349	0	1
2113	1	1	1	0	0	349	0	1
2114	1	1	1	0	0	349	0	1
2115	1	1	1	0	0	349	0	1
2116	1	1	1	0	0	349	0	1
2117	1	1	1	0	0	349	0	1
2118	1	1	1	0	0	349	1	0
2119	1	1	1	0	0	349	1	0
2120	1	1	1	0	0	349	1	0
2121	1	1	1	0	0	349	1	0
2122	1	1	1	0	0	349	1	0
2123	1	1	1	0	0	349	1	0
2124	1	1	1	0	0	349	1	0
2125	1	1	1	0	0	349	0	1
2126	1	1	1	0	0	349	0	1
2127	1	1	1	0	0	349	0	1
2128	1	1	1	0	0	349	0	1
2132	1	1	1	0	0	349	1	0
2133	1	1	1	0	0	349	1	0
2134	1	1	1	0	0	349	1	0
2135	1	1	1	0	0	349	1	0
2140	1	1	1	0	0	349	0	1
2141	1	1	1	0	0	349	0	1
2142	1	1	1	0	0	349	0	1
2143	1	1	1	0	0	349	0	1
2144	1	1	1	0	0	349	0	1
2145	1	1	1	0	0	349	0	1
2146	1	1	1	0	0	349	0	1
2147	1	1	1	0	0	349	1	0
2148	1	1	1	0	0	349	1	0
2149	1	1	1	0	0	349	1	0
2150	1	1	1	0	0	349	1	0
2151	1	1	1	0	0	349	1	0
2152	1	1	1	0	0	349	1	0
2153	1	1	1	0	0	349	1	0
2154	1	1	1	0	0	349	0	1
2155	1	1	1	0	0	349	0	1
2161	1	1	1	0	0	349	1	0
2162	1	1	1	0	0	349	1	0
2166	1	1	1	0	0	349	0	1
2167	1	1	1	0	0	349	0	1
2168	1	1	1	0	0	349	0	1
2169	1	1	1	0	0	349	0	1
2173	1	1	1	0	0	349	1	0
2174	1	1	1	0	0	349	1	0
2175	1	1	1	0	0	349	1	0
2176	1	1	1	0	0	349	1	0
2237	1	1	1	0	0	349	0	1
2238	1	1	1	0	0	349	0	1
2239	1	1	1	0	0	349	0	1
2240	1	1	1	0	0	349	0	1
2241	1	1	1	0	0	349	0	1
2242	1	1	1	0	0	349	0	1
2243	1	1	1	0	0	349	0	1
2244	1	1	1	0	0	349	1	0
2245	1	1	1	0	0	349	1	0
2246	1	1	1	0	0	349	1	0
2247	1	1	1	0	0	349	1	0
2248	1	1	1	0	0	349	1	0
2249	1	1	1	0	0	349	1	0
2250	1	1	1	0	0	349	1	0
2251	1	1	1	0	0	349	0	1
2252	1	1	1	0	0	349	0	1
2253	1	1	1	0	0	349	0	1
2254	1	1	1	0	0	349	0	1
2258	1	1	1	0	0	349	1	0
2259	1	1	1	0	0	349	1	0
2260	1	1	1	0	0	349	1	0
2261	1	1	1	0	0	349	1	0
2334	1	1	1	0	0	349	0	1
2335	1	1	1	0	0	349	0	1
2336	1	1	1	0	0	349	0	1
2337	1	1	1	0	0	349	0	1
2341	1	1	1	0	0	349	1	0
2342	1	1	1	0	0	349	1	0
2343	1	1	1	0	0	349	1	0
2344	1	1	1	0	0	349	1	0
2417	1	1	1	0	0	349	0	1
2418	1	1	1	0	0	349	0	1
2419	1	1	1	0	0	349	0	1
2420	1	1	1	0	0	349	0	1
2421	1	1	1	0	0	349	0	1
2422	1	1	1	0	0	349	0	1
2423	1	1	1	0	0	349	0	1
2424	1	1	1	0	0	349	1	0
2425	1	1	1	0	0	349	1	0
2426	1	1	1	0	0	349	1	0
2427	1	1	1	0	0	349	1	0
2428	1	1	1	0	0	349	1	0
2429	1	1	1	0	0	349	1	0
2430	1	1	1	0	0	349	1	0
2431	1	1	1	0	0	349	0	1
2432	1	1	1	0	0	349	0	1
2433	1	1	1	0	0	349	0	1
2434	1	1	1	0	0	349	0	1
2438	1	1	1	0	0	349	1	0
2439	1	1	1	0	0	349	1	0
2440	1	1	1	0	0	349	1	0
2441	1	1	1	0	0	349	1	0
2514	1	1	1	0	0	349	0	1
2515	1	1	1	0	0	349	0	1
2516	1	1	1	0	0	349	0	1
2517	1	1	1	0	0	349	0	1
2521	1	1	1	0	0	349	1	0
2522	1	1	1	0	0	349	1	0
2523	1	1	1	0	0	349	1	0
2524	1	1	1	0	0	349	1	0
2597	1	1	1	0	0	349	0	1
2598	1	1	1	0	0	349	0	1
2599	1	1	1	0	0	349	0	1
2600	1	1	1	0	0	349	0	1
2601	1	1	1	0	0	349	0	1
2602	1	1	1	0	0	349	0	1
2603	1	1	1	0	0	349	0	1
2604	1	1	1	0	0	349	1	0
2605	1	1	1	0	0	349	1	0
2606	1	1	1	0	0	349	1	0
2607	1	1	1	0	0	349	1	0
2608	1	1	1	0	0	349	1	0
2609	1	1	1	0	0	349	1	0
2610	1	1	1	0	0	349	1	0
2611	1	1	1	0	0	349	0	1
2612	1	1	1	0	0	349	0	1
2613	1	1	1	0	0	349	0	1
2614	1	1	1	0	0	349	0	1
2618	1	1	1	0	0	349	1	0
2619	1	1	1	0	0	349	1	0
2620	1	1	1	0	0	349	1	0
2621	1	1	1	0	0	349	1	0
2694	1	1	1	0	0	349	0	1
2695	1	1	1	0	0	349	0	1
2696	1	1	1	0	0	349	0	1
2697	1	1	1	0	0	349	0	1
2701	1	1	1	0	0	349	1	0
2702	1	1	1	0	0	349	1	0
2703	1	1	1	0	0	349	1	0
2704	1	1	1	0	0	349	1	0
2777	1	1	1	0	0	349	0	1
2778	1	1	1	0	0	349	0	1
2779	1	1	1	0	0	349	0	1
2780	1	1	1	0	0	349	0	1
2781	1	1	1	0	0	349	0	1
2782	1	1	1	0	0	349	0	1
2783	1	1	1	0	0	349	0	1
2784	1	1	1	0	0	349	1	0
2785	1	1	1	0	0	349	1	0
2786	1	1	1	0	0	349	1	0
2787	1	1	1	0	0	349	1	0
2788	1	1	1	0	0	349	1	0
2789	1	1	1	0	0	349	1	0
2790	1	1	1	0	0	349	1	0
2791	1	1	1	0	0	349	0	1
2792	1	1	1	0	0	349	0	1
2793	1	1	1	0	0	349	0	1
2794	1	1	1	0	0	349	0	1
2798	1	1	1	0	0	349	1	0
2799	1	1	1	0	0	349	1	0
2800	1	1	1	0	0	349	1	0
2801	1	1	1	0	0	349	1	0
2874	1	1	1	0	0	349	0	1
2875	1	1	1	0	0	349	0	1
2876	1	1	1	0	0	349	0	1
2877	1	1	1	0	0	349	0	1
2881	1	1	1	0	0	349	1	0
2882	1	1	1	0	0	349	1	0
2883	1	1	1	0	0	349	1	0
2884	1	1	1	0	0	349	1	0
2957	1	1	1	0	0	349	0	1
2958	1	1	1	0	0	349	0	1
2959	1	1	1	0	0	349	0	1
2960	1	1	1	0	0	349	0	1
2961	1	1	1	0	0	349	0	1
2962	1	1	1	0	0	349	0	1
2963	1	1	1	0	0	349	0	1
2964	1	1	1	0	0	349	1	0
2965	1	1	1	0	0	349	1	0
2966	1	1	1	0	0	349	1	0
2967	1	1	1	0	0	349	1	0
2968	1	1	1	0	0	349	1	0
2969	1	1	1	0	0	349	1	0
2970	1	1	1	0	0	349	1	0
2971	1	1	1	0	0	349	0	1
2972	1	1	1	0	0	349	0	1
2973	1	1	1	0	0	349	0	1
2974	1	1	1	0	0	349	0	1
2975	1	1	1	0	0	349	0	1
2978	1	1	1	0	0	349	1	0
2979	1	1	1	0	0	349	1	0
2980	1	1	1	0	0	349	1	0
2981	1	1	1	0	0	349	1	0
2982	1	1	1	0	0	349	1	0
