% start	end	CellId	IMSI	RNTI	LCID	nTxPDUs	TxBytes	nRxPDUs	RxBytes	delay	stdDev	min	max	PduSize	stdDev	min	max
0.54	0.55	1	1	1	3	1	42	0	0	0	0	0	0	0	0	0	0	
0.62	0.63	1	1	1	3	1	42	0	0	0	0	0	0	0	0	0	0	
0.7	0.71	1	1	1	3	1	42	0	0	0	0	0	0	0	0	0	0	
0.79	0.8	1	1	1	3	1	42	0	0	0	0	0	0	0	0	0	0	
0.87	0.88	1	1	1	3	1	42	0	0	0	0	0	0	0	0	0	0	
0.88	0.89	1	1	1	3	1	42	2	84	0.00992857	0.00282843	0.00792857	0.0119286	42	0	42	42	
0.96	0.97	1	1	1	3	2	84	0	0	0	0	0	0	0	0	0	0	
0.97	0.98	1	1	1	3	1	42	2	84	0.0104286	0.00212132	0.00892857	0.0119286	42	0	42	42	
1.04	1.05	1	1	1	3	2	84	0	0	0	0	0	0	0	0	0	0	
1.06	1.07	1	1	1	3	2	84	0	0	0	0	0	0	0	0	0	0	
1.12	1.13	1	1	1	3	1	42	0	0	0	0	0	0	0	0	0	0	
1.13	1.14	1	1	1	3	1	42	0	0	0	0	0	0	0	0	0	0	
1.14	1.15	1	1	1	3	2	84	2	84	0.00992857	0.00282843	0.00792857	0.0119286	42	0	42	42	
1.15	1.16	1	1	1	3	1	42	2	84	0.0104286	0.00212132	0.00892857	0.0119286	42	0	42	42	
1.16	1.17	1	1	1	3	1	42	2	84	0.0104286	0.00212132	0.00892857	0.0119286	42	0	42	42	
1.21	1.22	1	1	1	3	2	84	0	0	0	0	0	0	0	0	0	0	
1.22	1.23	1	1	1	3	2	84	2	84	0.00992857	0.00282843	0.00792857	0.0119286	42	0	42	42	
1.24	1.25	1	1	1	3	2	84	0	0	0	0	0	0	0	0	0	0	
1.25	1.26	1	1	1	3	2	84	2	84	0.0104286	0.00212132	0.00892857	0.0119286	42	0	42	42	
1.26	1.27	1	1	1	3	1	42	2	84	0.00992857	0.00282843	0.00792857	0.0119286	42	0	42	42	
1.29	1.3	1	1	1	3	2	84	0	0	0	0	0	0	0	0	0	0	
1.3	1.31	1	1	1	3	1	42	2	84	0.00992857	0.00282843	0.00792857	0.0119286	42	0	42	42	
1.31	1.32	1	1	1	3	1	42	0	0	0	0	0	0	0	0	0	0	
1.32	1.33	1	1	1	3	2	84	2	84	0.0104286	0.00212132	0.00892857	0.0119286	42	0	42	42	
1.33	1.34	1	1	1	3	1	42	2	84	0.0104286	0.00212132	0.00892857	0.0119286	42	0	42	42	
1.34	1.35	1	1	1	3	1	42	2	84	0.00992857	0.00282843	0.00792857	0.0119286	42	0	42	42	
1.35	1.36	1	1	1	3	2	84	0	0	0	0	0	0	0	0	0	0	
1.36	1.37	1	1	1	3	2	84	2	84	0.0104286	0.00212132	0.00892857	0.0119286	42	0	42	42	
1.37	1.38	1	1	1	3	1	42	3	126	0.00892857	0.003	0.00592857	0.0119286	42	0	42	42	
1.38	1.39	1	1	1	3	2	84	0	0	0	0	0	0	0	0	0	0	
1.39	1.4	1	1	1	3	2	84	2	84	0.0104286	0.00212132	0.00892857	0.0119286	42	0	42	42	
1.4	1.41	1	1	1	3	1	42	2	84	0.00992857	0.00282843	0.00792857	0.0119286	42	0	42	42	
1.41	1.42	1	1	1	3	1	42	0	0	0	0	0	0	0	0	0	0	
1.42	1.43	1	1	1	3	2	84	2	84	0.0104286	0.00212132	0.00892857	0.0119286	42	0	42	42	
1.43	1.44	1	1	1	3	2	84	2	84	0.0104286	0.00212132	0.00892857	0.0119286	42	0	42	42	
1.44	1.45	1	1	1	3	1	42	2	84	0.00992857	0.00282843	0.00792857	0.0119286	42	0	42	42	
1.45	1.46	1	1	1	3	1	42	0	0	0	0	0	0	0	0	0	0	
1.46	1.47	1	1	1	3	2	84	2	84	0.0104286	0.00212132	0.00892857	0.0119286	42	0	42	42	
1.47	1.48	1	1	1	3	1	42	2	84	0.0104286	0.00212132	0.00892857	0.0119286	42	0	42	42	
1.48	1.49	1	1	1	3	1	42	2	84	0.00992857	0.00282843	0.00792857	0.0119286	42	0	42	42	
1.49	1.5	1	1	1	3	2	84	0	0	0	0	0	0	0	0	0	0	
1.5	1.51	1	1	1	3	2	84	2	84	0.0104286	0.00212132	0.00892857	0.0119286	42	0	42	42	
1.51	1.52	1	1	1	3	1	42	3	126	0.00892857	0.003	0.00592857	0.0119286	42	0	42	42	
1.52	1.53	1	1	1	3	2	84	0	0	0	0	0	0	0	0	0	0	
1.53	1.54	1	1	1	3	2	84	2	84	0.0104286	0.00212132	0.00892857	0.0119286	42	0	42	42	
1.54	1.55	1	1	1	3	1	42	2	84	0.0104286	0.00212132	0.00892857	0.0119286	42	0	42	42	
1.55	1.56	1	1	1	3	1	42	0	0	0	0	0	0	0	0	0	0	
1.56	1.57	1	1	1	3	2	84	2	84	0.00992857	0.00282843	0.00792857	0.0119286	42	0	42	42	
1.57	1.58	1	1	1	3	2	84	2	84	0.0104286	0.00212132	0.00892857	0.0119286	42	0	42	42	
1.58	1.59	1	1	1	3	1	42	2	84	0.0104286	0.00212132	0.00892857	0.0119286	42	0	42	42	
1.59	1.6	1	1	1	3	1	42	0	0	0	0	0	0	0	0	0	0	
1.6	1.61	1	1	1	3	2	84	2	84	0.00992857	0.00282843	0.00792857	0.0119286	42	0	42	42	
1.61	1.62	1	1	1	3	1	42	2	84	0.0104286	0.00212132	0.00892857	0.0119286	42	0	42	42	
1.62	1.63	1	1	1	3	1	42	2	84	0.0104286	0.00212132	0.00892857	0.0119286	42	0	42	42	
1.63	1.64	1	1	1	3	2	84	0	0	0	0	0	0	0	0	0	0	
1.64	1.65	1	1	1	3	2	84	2	84	0.00992857	0.00282843	0.00792857	0.0119286	42	0	42	42	
1.65	1.66	1	1	1	3	1	42	2	84	0.0104286	0.00212132	0.00892857	0.0119286	42	0	42	42	
1.66	1.67	1	1	1	3	2	84	0	0	0	0	0	0	0	0	0	0	
1.67	1.68	1	1	1	3	2	84	3	126	0.00892857	0.003	0.00592857	0.0119286	42	0	42	42	
1.68	1.69	1	1	1	3	1	42	2	84	0.0104286	0.00212132	0.00892857	0.0119286	42	0	42	42	
1.69	1.7	1	1	1	3	1	42	0	0	0	0	0	0	0	0	0	0	
1.7	1.71	1	1	1	3	2	84	2	84	0.00992857	0.00282843	0.00792857	0.0119286	42	0	42	42	
1.71	1.72	1	1	1	3	2	84	2	84	0.0104286	0.00212132	0.00892857	0.0119286	42	0	42	42	
1.72	1.73	1	1	1	3	1	42	2	84	0.0104286	0.00212132	0.00892857	0.0119286	42	0	42	42	
1.73	1.74	1	1	1	3	1	42	0	0	0	0	0	0	0	0	0	0	
1.74	1.75	1	1	1	3	2	84	2	84	0.00992857	0.00282843	0.00792857	0.0119286	42	0	42	42	
1.75	1.76	1	1	1	3	1	42	2	84	0.0104286	0.00212132	0.00892857	0.0119286	42	0	42	42	
1.76	1.77	1	1	1	3	1	42	2	84	0.0104286	0.00212132	0.00892857	0.0119286	42	0	42	42	
1.77	1.78	1	1	1	3	2	84	0	0	0	0	0	0	0	0	0	0	
1.78	1.79	1	1	1	3	2	84	2	84	0.0104286	0.00212132	0.00892857	0.0119286	42	0	42	42	
1.79	1.8	1	1	1	3	1	42	2	84	0.00992857	0.00282843	0.00792857	0.0119286	42	0	42	42	
1.8	1.81	1	1	1	3	1	42	0	0	0	0	0	0	0	0	0	0	
1.81	1.82	1	1	1	3	3	126	2	84	0.0104286	0.00212132	0.00892857	0.0119286	42	0	42	42	
1.82	1.83	1	1	1	3	2	84	3	126	0.00892857	0.003	0.00592857	0.0119286	42	0	42	42	
1.83	1.84	1	1	1	3	2	84	4	168	0.00942857	0.00208167	0.00692857	0.0119286	42	0	42	42	
1.84	1.85	1	1	1	3	4	168	0	0	0	0	0	0	0	0	0	0	
1.85	1.86	1	1	1	3	4	168	4	168	0.00967857	0.00221736	0.00692857	0.0119286	42	0	42	42	
1.86	1.87	1	1	1	3	1	42	4	168	0.00917857	0.00221736	0.00692857	0.0119286	42	0	42	42	
1.87	1.88	1	1	1	3	3	126	0	0	0	0	0	0	0	0	0	0	
1.88	1.89	1	1	1	3	5	210	4	168	0.00942857	0.00208167	0.00692857	0.0119286	42	0	42	42	
1.89	1.9	1	1	1	3	2	84	5	210	0.00892857	0.00254951	0.00592857	0.0119286	42	0	42	42	
1.9	1.91	1	1	1	3	2	84	4	168	0.00942857	0.00208167	0.00692857	0.0119286	42	0	42	42	
1.91	1.92	1	1	1	3	4	168	0	0	0	0	0	0	0	0	0	0	
1.92	1.93	1	1	1	3	4	168	4	168	0.00967857	0.00221736	0.00692857	0.0119286	42	0	42	42	
1.93	1.94	1	1	1	3	1	42	4	168	0.00917857	0.00221736	0.00692857	0.0119286	42	0	42	42	
1.94	1.95	1	1	1	3	3	126	0	0	0	0	0	0	0	0	0	0	
1.95	1.96	1	1	1	3	5	210	4	168	0.00942857	0.00208167	0.00692857	0.0119286	42	0	42	42	
1.96	1.97	1	1	1	3	2	84	5	210	0.00892857	0.00254951	0.00592857	0.0119286	42	0	42	42	
1.97	1.98	1	1	1	3	2	84	4	168	0.00942857	0.00208167	0.00692857	0.0119286	42	0	42	42	
1.98	1.99	1	1	1	3	4	168	0	0	0	0	0	0	0	0	0	0	
1.99	2	1	1	1	3	3	126	4	168	0.00967857	0.00221736	0.00692857	0.0119286	42	0	42	42	
2	2.01	1	1	1	3	2	84	4	168	0.00892857	0.00258199	0.00592857	0.0119286	42	0	42	42	
2.01	2.02	1	1	1	3	3	126	0	0	0	0	0	0	0	0	0	0	
2.02	2.03	1	1	1	3	4	168	4	168	0.00917857	0.00221736	0.00692857	0.0119286	42	0	42	42	
2.03	2.04	1	1	1	3	3	126	4	168	0.00942857	0.00208167	0.00692857	0.0119286	42	0	42	42	
2.04	2.05	1	1	1	3	2	84	5	210	0.00892857	0.00254951	0.00592857	0.0119286	42	0	42	42	
2.05	2.06	1	1	1	3	4	168	0	0	0	0	0	0	0	0	0	0	
2.06	2.07	1	1	1	3	1	42	4	168	0.00942857	0.00208167	0.00692857	0.0119286	42	0	42	42	
2.09	2.1	1	1	1	3	4	168	0	0	0	0	0	0	0	0	0	0	
2.1	2.11	1	1	1	3	3	126	4	168	0.00917857	0.00221736	0.00692857	0.0119286	42	0	42	42	
2.11	2.12	1	1	1	3	2	84	4	168	0.00917857	0.00221736	0.00692857	0.0119286	42	0	42	42	
2.12	2.13	1	1	1	3	3	126	0	0	0	0	0	0	0	0	0	0	
2.13	2.14	1	1	1	3	2	84	4	168	0.00917857	0.00221736	0.00692857	0.0119286	42	0	42	42	
2.14	2.15	1	1	1	3	1	42	2	84	0.0109286	0.00141421	0.00992857	0.0119286	42	0	42	42	
2.15	2.16	1	1	1	3	3	126	0	0	0	0	0	0	0	0	0	0	
2.16	2.17	1	1	1	3	1	42	4	168	0.00917857	0.00221736	0.00692857	0.0119286	42	0	42	42	
2.17	2.18	1	1	1	3	2	84	1	42	0.0119286	0	0.0119286	0.0119286	42	0	42	42	
2.24	2.25	1	1	1	3	3	126	0	0	0	0	0	0	0	0	0	0	
2.25	2.26	1	1	1	3	2	84	4	168	0.00917857	0.00221736	0.00692857	0.0119286	42	0	42	42	
2.26	2.27	1	1	1	3	1	42	0	0	0	0	0	0	0	0	0	0	
2.34	2.35	1	1	1	3	2	84	0	0	0	0	0	0	0	0	0	0	
2.42	2.43	1	1	1	3	3	126	0	0	0	0	0	0	0	0	0	0	
2.43	2.44	1	1	1	3	2	84	4	168	0.00917857	0.00221736	0.00692857	0.0119286	42	0	42	42	
2.44	2.45	1	1	1	3	1	42	0	0	0	0	0	0	0	0	0	0	
2.52	2.53	1	1	1	3	2	84	0	0	0	0	0	0	0	0	0	0	
2.6	2.61	1	1	1	3	3	126	0	0	0	0	0	0	0	0	0	0	
2.61	2.62	1	1	1	3	2	84	4	168	0.00917857	0.00221736	0.00692857	0.0119286	42	0	42	42	
2.62	2.63	1	1	1	3	1	42	0	0	0	0	0	0	0	0	0	0	
2.7	2.71	1	1	1	3	2	84	0	0	0	0	0	0	0	0	0	0	
2.78	2.79	1	1	1	3	3	126	0	0	0	0	0	0	0	0	0	0	
2.79	2.8	1	1	1	3	2	84	4	168	0.00917857	0.00221736	0.00692857	0.0119286	42	0	42	42	
2.8	2.81	1	1	1	3	1	42	0	0	0	0	0	0	0	0	0	0	
2.88	2.89	1	1	1	3	2	84	0	0	0	0	0	0	0	0	0	0	
2.96	2.97	1	1	1	3	3	126	0	0	0	0	0	0	0	0	0	0	
2.97	2.98	1	1	1	3	2	84	4	168	0.00917857	0.00221736	0.00692857	0.0119286	42	0	42	42	
2.98	2.99	1	1	1	3	2	84	0	0	0	0	0	0	0	0	0	0	
