% start	end	CellId	IMSI	RNTI	LCID	nTxPDUs	TxBytes	nRxPDUs	RxBytes	delay	stdDev	min	max	PduSize	stdDev	min	max
0.54	0.55	1	1	1	3	1	44	0	0	0	0	0	0	0	0	0	0	
0.63	0.64	1	1	1	3	1	44	1	44	0.00471429	0	0.00471429	0.00471429	44	0	44	44	
0.71	0.72	1	1	1	3	1	44	0	0	0	0	0	0	0	0	0	0	
0.8	0.81	1	1	1	3	1	44	1	44	0.00471429	0	0.00471429	0.00471429	44	0	44	44	
0.88	0.89	1	1	1	3	1	88	1	88	0.00471429	0	0.00471429	0.00471429	88	0	88	88	
0.96	0.97	1	1	1	3	1	88	0	0	0	0	0	0	0	0	0	0	
0.98	0.99	1	1	1	3	1	44	1	44	0.00471429	0	0.00471429	0.00471429	44	0	44	44	
1.05	1.06	1	1	1	3	1	88	1	88	0.00471429	0	0.00471429	0.00471429	88	0	88	88	
1.06	1.07	1	1	1	3	1	88	0	0	0	0	0	0	0	0	0	0	
1.13	1.14	1	1	1	3	1	88	0	0	0	0	0	0	0	0	0	0	
1.15	1.16	1	1	1	3	1	88	1	88	0.00471429	0	0.00471429	0.00471429	88	0	88	88	
1.16	1.17	1	1	1	3	1	88	1	88	0.00471429	0	0.00471429	0.00471429	88	0	88	88	
1.22	1.23	1	1	1	3	1	88	1	88	0.00471429	0	0.00471429	0.00471429	88	0	88	88	
1.23	1.24	1	1	1	3	1	88	1	88	0.00471429	0	0.00471429	0.00471429	88	0	88	88	
1.24	1.25	1	1	1	3	1	88	0	0	0	0	0	0	0	0	0	0	
1.26	1.27	1	1	1	3	1	88	1	88	0.00471429	0	0.00471429	0.00471429	88	0	88	88	
1.27	1.28	1	1	1	3	1	44	1	44	0.00471429	0	0.00471429	0.00471429	44	0	44	44	
1.3	1.31	1	1	1	3	1	88	1	88	0.00471429	0	0.00471429	0.00471429	88	0	88	88	
1.31	1.32	1	1	1	3	1	88	0	0	0	0	0	0	0	0	0	0	
1.33	1.34	1	1	1	3	1	88	1	88	0.00471429	0	0.00471429	0.00471429	88	0	88	88	
1.34	1.35	1	1	1	3	1	88	1	88	0.00471429	0	0.00471429	0.00471429	88	0	88	88	
1.35	1.36	1	1	1	3	1	88	0	0	0	0	0	0	0	0	0	0	
1.37	1.38	1	1	1	3	1	131	1	131	0.00471429	0	0.00471429	0.00471429	131	0	131	131	
1.38	1.39	1	1	1	3	1	88	0	0	0	0	0	0	0	0	0	0	
1.4	1.41	1	1	1	3	1	88	1	88	0.00471429	0	0.00471429	0.00471429	88	0	88	88	
1.41	1.42	1	1	1	3	1	88	0	0	0	0	0	0	0	0	0	0	
1.43	1.44	1	1	1	3	1	88	1	88	0.00471429	0	0.00471429	0.00471429	88	0	88	88	
1.44	1.45	1	1	1	3	1	88	1	88	0.00471429	0	0.00471429	0.00471429	88	0	88	88	
1.45	1.46	1	1	1	3	1	88	0	0	0	0	0	0	0	0	0	0	
1.47	1.48	1	1	1	3	1	88	1	88	0.00471429	0	0.00471429	0.00471429	88	0	88	88	
1.48	1.49	1	1	1	3	1	88	1	88	0.00471429	0	0.00471429	0.00471429	88	0	88	88	
1.49	1.5	1	1	1	3	1	88	0	0	0	0	0	0	0	0	0	0	
1.51	1.52	1	1	1	3	1	131	1	131	0.00471429	0	0.00471429	0.00471429	131	0	131	131	
1.52	1.53	1	1	1	3	1	88	0	0	0	0	0	0	0	0	0	0	
1.54	1.55	1	1	1	3	1	88	1	88	0.00471429	0	0.00471429	0.00471429	88	0	88	88	
1.55	1.56	1	1	1	3	1	88	0	0	0	0	0	0	0	0	0	0	
1.57	1.58	1	1	1	3	1	88	1	88	0.00471429	0	0.00471429	0.00471429	88	0	88	88	
1.58	1.59	1	1	1	3	1	88	1	88	0.00471429	0	0.00471429	0.00471429	88	0	88	88	
1.59	1.6	1	1	1	3	1	88	0	0	0	0	0	0	0	0	0	0	
1.61	1.62	1	1	1	3	1	88	1	88	0.00471429	0	0.00471429	0.00471429	88	0	88	88	
1.62	1.63	1	1	1	3	1	88	1	88	0.00471429	0	0.00471429	0.00471429	88	0	88	88	
1.63	1.64	1	1	1	3	1	88	0	0	0	0	0	0	0	0	0	0	
1.65	1.66	1	1	1	3	1	88	1	88	0.00471429	0	0.00471429	0.00471429	88	0	88	88	
1.66	1.67	1	1	1	3	1	131	0	0	0	0	0	0	0	0	0	0	
1.68	1.69	1	1	1	3	1	88	1	88	0.00471429	0	0.00471429	0.00471429	88	0	88	88	
1.69	1.7	1	1	1	3	1	88	0	0	0	0	0	0	0	0	0	0	
1.71	1.72	1	1	1	3	1	88	1	88	0.00471429	0	0.00471429	0.00471429	88	0	88	88	
1.72	1.73	1	1	1	3	1	88	1	88	0.00471429	0	0.00471429	0.00471429	88	0	88	88	
1.73	1.74	1	1	1	3	1	88	0	0	0	0	0	0	0	0	0	0	
1.75	1.76	1	1	1	3	1	88	1	88	0.00471429	0	0.00471429	0.00471429	88	0	88	88	
1.76	1.77	1	1	1	3	1	88	1	88	0.00471429	0	0.00471429	0.00471429	88	0	88	88	
1.77	1.78	1	1	1	3	1	88	0	0	0	0	0	0	0	0	0	0	
1.79	1.8	1	1	1	3	1	88	1	88	0.00471429	0	0.00471429	0.00471429	88	0	88	88	
1.8	1.81	1	1	1	3	1	88	0	0	0	0	0	0	0	0	0	0	
1.82	1.83	1	1	1	3	1	131	1	131	0.00471429	0	0.00471429	0.00471429	131	0	131	131	
1.83	1.84	1	1	1	3	1	175	1	175	0.00471429	0	0.00471429	0.00471429	175	0	175	175	
1.84	1.85	1	1	1	3	1	175	0	0	0	0	0	0	0	0	0	0	
1.86	1.87	1	1	1	3	1	175	1	175	0.00471429	0	0.00471429	0.00471429	175	0	175	175	
1.87	1.88	1	1	1	3	1	175	0	0	0	0	0	0	0	0	0	0	
1.89	1.9	1	1	1	3	1	218	1	218	0.00471429	0	0.00471429	0.00471429	218	0	218	218	
1.9	1.91	1	1	1	3	1	175	1	175	0.00471429	0	0.00471429	0.00471429	175	0	175	175	
1.91	1.92	1	1	1	3	1	175	0	0	0	0	0	0	0	0	0	0	
1.93	1.94	1	1	1	3	1	175	1	175	0.00471429	0	0.00471429	0.00471429	175	0	175	175	
1.94	1.95	1	1	1	3	1	175	0	0	0	0	0	0	0	0	0	0	
1.96	1.97	1	1	1	3	1	218	1	218	0.00471429	0	0.00471429	0.00471429	218	0	218	218	
1.97	1.98	1	1	1	3	1	175	1	175	0.00471429	0	0.00471429	0.00471429	175	0	175	175	
1.98	1.99	1	1	1	3	1	175	0	0	0	0	0	0	0	0	0	0	
2	2.01	1	1	1	3	1	175	1	175	0.00471429	0	0.00471429	0.00471429	175	0	175	175	
2.01	2.02	1	1	1	3	1	175	0	0	0	0	0	0	0	0	0	0	
2.03	2.04	1	1	1	3	1	175	1	175	0.00471429	0	0.00471429	0.00471429	175	0	175	175	
2.04	2.05	1	1	1	3	1	218	1	218	0.00471429	0	0.00471429	0.00471429	218	0	218	218	
2.05	2.06	1	1	1	3	1	175	0	0	0	0	0	0	0	0	0	0	
2.07	2.08	1	1	1	3	1	44	1	44	0.00471429	0	0.00471429	0.00471429	44	0	44	44	
2.09	2.1	1	1	1	3	1	175	0	0	0	0	0	0	0	0	0	0	
2.11	2.12	1	1	1	3	1	175	1	175	0.00471429	0	0.00471429	0.00471429	175	0	175	175	
2.12	2.13	1	1	1	3	1	175	0	0	0	0	0	0	0	0	0	0	
2.14	2.15	1	1	1	3	1	88	1	88	0.00471429	0	0.00471429	0.00471429	88	0	88	88	
2.15	2.16	1	1	1	3	1	175	0	0	0	0	0	0	0	0	0	0	
2.17	2.18	1	1	1	3	1	44	1	44	0.00471429	0	0.00471429	0.00471429	44	0	44	44	
2.18	2.19	1	1	1	3	1	88	1	88	0.00471429	0	0.00471429	0.00471429	88	0	88	88	
2.25	2.26	1	1	1	3	1	175	1	175	0.00471429	0	0.00471429	0.00471429	175	0	175	175	
2.26	2.27	1	1	1	3	1	88	0	0	0	0	0	0	0	0	0	0	
2.35	2.36	1	1	1	3	1	88	1	88	0.00471429	0	0.00471429	0.00471429	88	0	88	88	
2.43	2.44	1	1	1	3	1	175	1	175	0.00471429	0	0.00471429	0.00471429	175	0	175	175	
2.44	2.45	1	1	1	3	1	88	0	0	0	0	0	0	0	0	0	0	
2.53	2.54	1	1	1	3	1	88	1	88	0.00471429	0	0.00471429	0.00471429	88	0	88	88	
2.61	2.62	1	1	1	3	1	175	1	175	0.00471429	0	0.00471429	0.00471429	175	0	175	175	
2.62	2.63	1	1	1	3	1	88	0	0	0	0	0	0	0	0	0	0	
2.71	2.72	1	1	1	3	1	88	1	88	0.00471429	0	0.00471429	0.00471429	88	0	88	88	
2.79	2.8	1	1	1	3	1	175	1	175	0.00471429	0	0.00471429	0.00471429	175	0	175	175	
2.8	2.81	1	1	1	3	1	88	0	0	0	0	0	0	0	0	0	0	
2.89	2.9	1	1	1	3	1	88	1	88	0.00471429	0	0.00471429	0.00471429	88	0	88	88	
2.97	2.98	1	1	1	3	1	175	1	175	0.00471429	0	0.00471429	0.00471429	175	0	175	175	
2.98	2.99	1	1	1	3	1	131	0	0	0	0	0	0	0	0	0	0	
