% time	cellId	IMSI	RNTI	layer	mcs	size	rv	ndi
552	1	1	1	0	28	9422	0	1
635	1	1	1	0	28	9422	0	1
720	1	1	1	0	28	9422	0	1
805	1	1	1	0	28	9422	0	1
888	1	1	1	0	28	9422	0	1
892	1	1	1	0	28	9422	0	1
973	1	1	1	0	28	9422	0	1
976	1	1	1	0	28	9422	0	1
987	1	1	1	0	28	9422	0	1
1058	1	1	1	0	28	9422	0	1
1061	1	1	1	0	28	9422	0	1
1072	1	1	1	0	28	9422	0	1
1075	1	1	1	0	28	9422	0	1
1141	1	1	1	0	28	9422	0	1
1145	1	1	1	0	28	9422	0	1
1155	1	1	1	0	28	9422	0	1
1158	1	1	1	0	28	9422	0	1
1169	1	1	1	0	28	9422	0	1
1172	1	1	1	0	28	9422	0	1
1224	1	1	1	0	28	9422	0	1
1228	1	1	1	0	28	9422	0	1
1238	1	1	1	0	28	9422	0	1
1241	1	1	1	0	28	9422	0	1
1252	1	1	1	0	28	9422	0	1
1255	1	1	1	0	28	9422	0	1
1265	1	1	1	0	28	9422	0	1
1269	1	1	1	0	28	9422	0	1
1279	1	1	1	0	28	9422	0	1
1307	1	1	1	0	28	9422	0	1
1311	1	1	1	0	28	9422	0	1
1321	1	1	1	0	28	9422	0	1
1324	1	1	1	0	28	9422	0	1
1335	1	1	1	0	28	9422	0	1
1338	1	1	1	0	28	9422	0	1
1348	1	1	1	0	28	9422	0	1
1352	1	1	1	0	28	9422	0	1
1362	1	1	1	0	28	9422	0	1
1365	1	1	1	0	28	9422	0	1
1376	1	1	1	0	28	9422	0	1
1379	1	1	1	0	28	9422	0	1
1382	1	1	1	0	28	9422	0	1
1393	1	1	1	0	28	9422	0	1
1396	1	1	1	0	28	9422	0	1
1406	1	1	1	0	28	9422	0	1
1410	1	1	1	0	28	9422	0	1
1420	1	1	1	0	28	9422	0	1
1423	1	1	1	0	28	9422	0	1
1434	1	1	1	0	28	9422	0	1
1437	1	1	1	0	28	9422	0	1
1447	1	1	1	0	28	9422	0	1
1451	1	1	1	0	28	9422	0	1
1461	1	1	1	0	28	9422	0	1
1464	1	1	1	0	28	9422	0	1
1475	1	1	1	0	28	9422	0	1
1478	1	1	1	0	28	9422	0	1
1488	1	1	1	0	28	9422	0	1
1492	1	1	1	0	28	9422	0	1
1502	1	1	1	0	28	9422	0	1
1505	1	1	1	0	28	9422	0	1
1516	1	1	1	0	28	9422	0	1
1519	1	1	1	0	28	9422	0	1
1522	1	1	1	0	28	9422	0	1
1533	1	1	1	0	28	9422	0	1
1536	1	1	1	0	28	9422	0	1
1547	1	1	1	0	28	9422	0	1
1550	1	1	1	0	28	9422	0	1
1560	1	1	1	0	28	9422	0	1
1564	1	1	1	0	28	9422	0	1
1574	1	1	1	0	28	9422	0	1
1577	1	1	1	0	28	9422	0	1
1588	1	1	1	0	28	9422	0	1
1591	1	1	1	0	28	9422	0	1
1601	1	1	1	0	28	9422	0	1
1605	1	1	1	0	28	9422	0	1
1615	1	1	1	0	28	9422	0	1
1618	1	1	1	0	28	9422	0	1
1629	1	1	1	0	28	9422	0	1
1632	1	1	1	0	28	9422	0	1
1642	1	1	1	0	28	9422	0	1
1646	1	1	1	0	28	9422	0	1
1656	1	1	1	0	28	9422	0	1
1659	1	1	1	0	28	9422	0	1
1670	1	1	1	0	28	9422	0	1
1673	1	1	1	0	28	9422	0	1
1676	1	1	1	0	28	9422	0	1
1687	1	1	1	0	28	9422	0	1
1690	1	1	1	0	28	9422	0	1
1700	1	1	1	0	28	9422	0	1
1704	1	1	1	0	28	9422	0	1
1714	1	1	1	0	28	9422	0	1
1717	1	1	1	0	28	9422	0	1
1728	1	1	1	0	28	9422	0	1
1731	1	1	1	0	28	9422	0	1
1741	1	1	1	0	28	9422	0	1
1745	1	1	1	0	28	9422	0	1
1755	1	1	1	0	28	9422	0	1
1758	1	1	1	0	28	9422	0	1
1769	1	1	1	0	28	9422	0	1
1772	1	1	1	0	28	9422	0	1
1783	1	1	1	0	28	9422	0	1
1786	1	1	1	0	28	9422	0	1
1796	1	1	1	0	28	9422	0	1
1800	1	1	1	0	28	9422	0	1
1810	1	1	1	0	28	9422	0	1
1813	1	1	1	0	28	9422	0	1
1824	1	1	1	0	28	9422	0	1
1827	1	1	1	0	28	9422	0	1
1830	1	1	1	0	28	9422	0	1
1839	1	1	1	0	28	9422	0	1
1841	1	1	1	0	28	9422	0	1
1842	1	1	1	0	28	9422	0	1
1844	1	1	1	0	28	9422	0	1
1853	1	1	1	0	28	9422	0	1
1854	1	1	1	0	28	9422	0	1
1856	1	1	1	0	28	9422	0	1
1858	1	1	1	0	28	9422	0	1
1866	1	1	1	0	28	9422	0	1
1868	1	1	1	0	28	9422	0	1
1870	1	1	1	0	28	9422	0	1
1871	1	1	1	0	28	9422	0	1
1880	1	1	1	0	28	9422	0	1
1882	1	1	1	0	28	9422	0	1
1883	1	1	1	0	28	9422	0	1
1885	1	1	1	0	28	9422	0	1
1894	1	1	1	0	28	9422	0	1
1895	1	1	1	0	28	9422	0	1
1897	1	1	1	0	28	9422	0	1
1899	1	1	1	0	28	9422	0	1
1900	1	1	1	0	28	9422	0	1
1909	1	1	1	0	28	9422	0	1
1911	1	1	1	0	28	9422	0	1
1912	1	1	1	0	28	9422	0	1
1914	1	1	1	0	28	9422	0	1
1923	1	1	1	0	28	9422	0	1
1924	1	1	1	0	28	9422	0	1
1926	1	1	1	0	28	9422	0	1
1928	1	1	1	0	28	9422	0	1
1936	1	1	1	0	28	9422	0	1
1938	1	1	1	0	28	9422	0	1
1940	1	1	1	0	28	9422	0	1
1941	1	1	1	0	28	9422	0	1
1950	1	1	1	0	28	9422	0	1
1952	1	1	1	0	28	9422	0	1
1953	1	1	1	0	28	9422	0	1
1955	1	1	1	0	28	9422	0	1
1964	1	1	1	0	28	9422	0	1
1965	1	1	1	0	28	9422	0	1
1967	1	1	1	0	28	9422	0	1
1969	1	1	1	0	28	9422	0	1
1970	1	1	1	0	28	9422	0	1
1979	1	1	1	0	28	9422	0	1
1981	1	1	1	0	28	9422	0	1
1982	1	1	1	0	28	9422	0	1
1984	1	1	1	0	28	9422	0	1
1993	1	1	1	0	28	9422	0	1
1994	1	1	1	0	28	9422	0	1
1996	1	1	1	0	28	9422	0	1
1998	1	1	1	0	28	9422	0	1
2006	1	1	1	0	28	9422	0	1
2008	1	1	1	0	28	9422	0	1
2010	1	1	1	0	28	9422	0	1
2012	1	1	1	0	28	9422	0	1
2020	1	1	1	0	28	9422	0	1
2022	1	1	1	0	28	9422	0	1
2024	1	1	1	0	28	9422	0	1
2025	1	1	1	0	28	9422	0	1
2034	1	1	1	0	28	9422	0	1
2036	1	1	1	0	28	9422	0	1
2037	1	1	1	0	28	9422	0	1
2039	1	1	1	0	28	9422	0	1
2048	1	1	1	0	28	9422	0	1
2049	1	1	1	0	28	9422	0	1
2051	1	1	1	0	28	9422	0	1
2053	1	1	1	0	28	9422	0	1
2054	1	1	1	0	28	9422	0	1
2063	1	1	1	0	28	9422	0	1
2065	1	1	1	0	28	9422	0	1
2066	1	1	1	0	28	9422	0	1
2068	1	1	1	0	28	9422	0	1
2077	1	1	1	0	28	9422	0	1
2103	1	1	1	0	28	9422	0	1
2105	1	1	1	0	28	9422	0	1
2107	1	1	1	0	28	9422	0	1
2108	1	1	1	0	28	9422	0	1
2117	1	1	1	0	28	9422	0	1
2119	1	1	1	0	28	9422	0	1
2121	1	1	1	0	28	9422	0	1
2122	1	1	1	0	28	9422	0	1
2131	1	1	1	0	28	9422	0	1
2133	1	1	1	0	28	9422	0	1
2135	1	1	1	0	28	9422	0	1
2136	1	1	1	0	28	9422	0	1
2145	1	1	1	0	28	9422	0	1
2147	1	1	1	0	28	9422	0	1
2160	1	1	1	0	28	9422	0	1
2162	1	1	1	0	28	9422	0	1
2164	1	1	1	0	28	9422	0	1
2165	1	1	1	0	28	9422	0	1
2174	1	1	1	0	28	9422	0	1
2186	1	1	1	0	28	9422	0	1
2188	1	1	1	0	28	9422	0	1
2257	1	1	1	0	28	9422	0	1
2259	1	1	1	0	28	9422	0	1
2261	1	1	1	0	28	9422	0	1
2262	1	1	1	0	28	9422	0	1
2271	1	1	1	0	28	9422	0	1
2273	1	1	1	0	28	9422	0	1
2354	1	1	1	0	28	9422	0	1
2356	1	1	1	0	28	9422	0	1
2437	1	1	1	0	28	9422	0	1
2439	1	1	1	0	28	9422	0	1
2441	1	1	1	0	28	9422	0	1
2442	1	1	1	0	28	9422	0	1
2451	1	1	1	0	28	9422	0	1
2453	1	1	1	0	28	9422	0	1
2534	1	1	1	0	28	9422	0	1
2536	1	1	1	0	28	9422	0	1
2617	1	1	1	0	28	9422	0	1
2619	1	1	1	0	28	9422	0	1
2621	1	1	1	0	28	9422	0	1
2622	1	1	1	0	28	9422	0	1
2631	1	1	1	0	28	9422	0	1
2633	1	1	1	0	28	9422	0	1
2714	1	1	1	0	28	9422	0	1
2716	1	1	1	0	28	9422	0	1
2797	1	1	1	0	28	9422	0	1
2799	1	1	1	0	28	9422	0	1
2801	1	1	1	0	28	9422	0	1
2802	1	1	1	0	28	9422	0	1
2811	1	1	1	0	28	9422	0	1
2813	1	1	1	0	28	9422	0	1
2894	1	1	1	0	28	9422	0	1
2896	1	1	1	0	28	9422	0	1
2977	1	1	1	0	28	9422	0	1
2979	1	1	1	0	28	9422	0	1
2981	1	1	1	0	28	9422	0	1
2982	1	1	1	0	28	9422	0	1
2991	1	1	1	0	28	9422	0	1
2993	1	1	1	0	28	9422	0	1
2994	1	1	1	0	28	9422	0	1
