0.533
0.615
0.616
0.698
0.699
0.7
0.701
0.783
0.784
0.785
0.786
0.787
0.788
0.868
0.869
0.87
0.871
0.872
0.873
0.951
0.952
0.953
0.954
0.955
0.956
0.957
0.965
0.966
0.967
0.968
1.036
1.037
1.038
1.039
1.04
1.041
1.042
1.05
1.051
1.052
1.053
1.054
1.055
1.056
1.064
1.065
1.121
1.122
1.123
1.124
1.125
1.126
1.127
1.135
1.136
1.137
1.138
1.139
1.14
1.141
1.149
1.15
1.151
1.152
1.153
1.154
1.155
1.204
1.205
1.206
1.207
1.208
1.209
1.21
1.218
1.219
1.22
1.221
1.222
1.223
1.224
1.232
1.233
1.234
1.235
1.236
1.237
1.238
1.246
1.247
1.248
1.249
1.25
1.251
1.252
1.26
1.261
1.262
1.287
1.288
1.289
1.29
1.291
1.292
1.293
1.301
1.302
1.303
1.304
1.305
1.306
1.307
1.315
1.316
1.317
1.318
1.319
1.32
1.321
1.329
1.33
1.331
1.332
1.333
1.334
1.335
1.343
1.344
1.345
1.346
1.347
1.348
1.349
1.357
1.358
1.359
1.36
1.361
1.362
1.363
1.371
1.372
1.373
1.374
1.375
1.376
1.377
1.385
1.386
1.387
1.388
1.389
1.39
1.391
1.399
1.4
1.401
1.402
1.403
1.404
1.405
1.413
1.414
1.415
1.416
1.417
1.418
1.419
1.427
1.428
1.429
1.43
1.431
1.432
1.433
1.441
1.442
1.443
1.444
1.445
1.446
1.447
1.455
1.456
1.457
1.458
1.459
1.46
1.461
1.469
1.47
1.471
1.472
1.473
1.474
1.475
1.483
1.484
1.485
1.486
1.487
1.488
1.489
1.497
1.498
1.499
1.5
1.501
1.502
1.503
1.511
1.512
1.513
1.514
1.515
1.516
1.517
1.525
1.526
1.527
1.528
1.529
1.53
1.531
1.539
1.54
1.541
1.542
1.543
1.544
1.545
1.553
1.554
1.555
1.556
1.557
1.558
1.559
1.567
1.568
1.569
1.57
1.571
1.572
1.573
1.581
1.582
1.583
1.584
1.585
1.586
1.587
1.595
1.596
1.597
1.598
1.599
1.6
1.601
1.609
1.61
1.611
1.612
1.613
1.614
1.615
1.623
1.624
1.625
1.626
1.627
1.628
1.629
1.637
1.638
1.639
1.64
1.641
1.642
1.643
1.651
1.652
1.653
1.654
1.655
1.656
1.657
1.665
1.666
1.667
1.668
1.669
1.67
1.671
1.679
1.68
1.681
1.682
1.683
1.684
1.685
1.693
1.694
1.695
1.696
1.697
1.698
1.699
1.707
1.708
1.709
1.71
1.711
1.712
1.713
1.721
1.722
1.723
1.724
1.725
1.726
1.727
1.735
1.736
1.737
1.738
1.739
1.74
1.741
1.749
1.75
1.751
1.752
1.753
1.754
1.755
1.763
1.764
1.765
1.766
1.767
1.768
1.769
1.777
1.778
1.779
1.78
1.781
1.782
1.783
1.791
1.792
1.793
1.794
1.795
1.796
1.797
1.805
1.806
1.807
1.808
1.809
1.81
1.811
1.819
1.82
1.821
1.822
1.823
1.824
1.825
1.833
1.834
1.835
1.836
1.837
1.838
1.839
1.847
1.848
1.849
1.85
1.851
1.852
1.853
1.861
1.862
1.863
1.864
1.865
1.866
1.867
1.875
1.876
1.877
1.878
1.879
1.88
1.881
1.889
1.89
1.891
1.892
1.893
1.894
1.895
1.903
1.904
1.905
1.906
1.907
1.908
1.909
1.917
1.918
1.919
1.92
1.921
1.922
1.923
1.931
1.932
1.933
1.934
1.935
1.936
1.937
1.945
1.946
1.947
1.948
1.949
1.95
1.951
1.959
1.96
1.961
1.962
1.963
1.964
1.965
1.973
1.974
1.975
1.976
1.977
1.978
1.979
1.987
1.988
1.989
1.99
1.991
1.992
1.993
2.001
2.002
2.003
2.004
2.005
2.006
2.007
2.015
2.016
2.017
2.018
2.019
2.02
2.021
2.029
2.03
2.031
2.032
2.033
2.034
2.035
2.043
2.044
2.045
2.046
2.047
2.048
2.049
2.057
2.058
2.083
2.084
2.085
2.086
2.087
2.088
2.089
2.097
2.098
2.099
2.1
2.101
2.102
2.103
2.111
2.112
2.113
2.114
2.115
2.116
2.117
2.125
2.126
2.127
2.128
2.14
2.141
2.142
2.143
2.144
2.145
2.146
2.154
2.155
2.166
2.167
2.168
2.169
2.237
2.238
2.239
2.24
2.241
2.242
2.243
2.251
2.252
2.253
2.254
2.334
2.335
2.336
2.337
2.417
2.418
2.419
2.42
2.421
2.422
2.423
2.431
2.432
2.433
2.434
2.514
2.515
2.516
2.517
2.597
2.598
2.599
2.6
2.601
2.602
2.603
2.611
2.612
2.613
2.614
2.694
2.695
2.696
2.697
2.777
2.778
2.779
2.78
2.781
2.782
2.783
2.791
2.792
2.793
2.794
2.874
2.875
2.876
2.877
2.957
2.958
2.959
2.96
2.961
2.962
2.963
2.971
2.972
2.973
2.974
2.975
#frame error rate: 49.9580184719
